11.949999809265137
13.829999923706055
16.690000534057617
20.110000610351562
24.719999313354492
31.239999771118164
37.7599983215332
43.5099983215332
47.720001220703125
50.220001220703125
52.22999954223633
53.27000045776367
53.939998626708984
54.5
54.599998474121094
55.0099983215332
55.150001525878906
55.349998474121094
55.720001220703125
56.7599983215332
57.47999954223633
58.9900016784668
60.529998779296875
61.849998474121094
63.369998931884766
65.19999694824219
67.12000274658203
68.70999908447266
69.83999633789062
71.25
72.66000366210938
73.68000030517578
75.04000091552734
75.73999786376953
76.62000274658203
77.69999694824219
78.44999694824219
79.61000061035156
79.7699966430664
81.2300033569336
80.33999633789062
81.94999694824219
78.55000305175781
79.81999969482422
75.56999969482422
78.93000030517578
80.4000015258789
82.0999984741211
83.22000122070312
82.11000061035156
83.58999633789062
82.5
83.98999786376953
84.1500015258789
85.6500015258789
85.26000213623047
86.1500015258789
86.12999725341797
86.44000244140625
86.58000183105469
87.04000091552734
87.11000061035156
87.41000366210938
87.5999984741211
87.75
87.95999908447266
88.26000213623047
88.37999725341797
88.47000122070312
88.79000091552734
88.79000091552734
89.13999938964844
89.1500015258789
89.45999908447266
89.38999938964844
89.73999786376953
89.55999755859375
89.8499984741211
89.76000213623047
89.91999816894531
89.69999694824219
90.12999725341797
89.9800033569336
90.20999908447266
90.1500015258789
90.29000091552734
90.16000366210938
90.4000015258789
90.3499984741211
90.56999969482422
90.43000030517578
90.5999984741211
90.51000213623047
90.72000122070312
90.62999725341797
90.94000244140625
90.75
90.94999694824219
90.95999908447266
90.9800033569336
