8.979999542236328
9.819999694824219
8.59000015258789
8.979999542236328
10.649999618530273
9.0
8.75
18.31999969482422
20.270000457763672
11.399999618530273
20.190000534057617
19.920000076293945
19.899999618530273
19.8799991607666
19.90999984741211
19.950000762939453
19.940000534057617
19.940000534057617
19.959999084472656
19.90999984741211
19.860000610351562
19.829999923706055
19.84000015258789
19.81999969482422
19.809999465942383
19.809999465942383
19.829999923706055
19.809999465942383
19.829999923706055
19.84000015258789
19.84000015258789
19.8700008392334
19.850000381469727
19.860000610351562
19.889999389648438
19.8700008392334
19.889999389648438
19.90999984741211
19.899999618530273
19.889999389648438
19.90999984741211
19.899999618530273
19.899999618530273
19.899999618530273
19.899999618530273
19.899999618530273
19.90999984741211
19.899999618530273
19.889999389648438
19.899999618530273
19.899999618530273
19.90999984741211
19.90999984741211
19.90999984741211
19.90999984741211
19.899999618530273
19.899999618530273
19.889999389648438
19.889999389648438
19.889999389648438
19.889999389648438
19.889999389648438
19.889999389648438
19.889999389648438
19.889999389648438
19.889999389648438
19.889999389648438
19.889999389648438
19.889999389648438
19.889999389648438
19.889999389648438
19.889999389648438
19.889999389648438
19.889999389648438
19.889999389648438
19.889999389648438
19.889999389648438
19.889999389648438
19.889999389648438
19.889999389648438
19.889999389648438
19.889999389648438
19.889999389648438
19.889999389648438
19.889999389648438
19.889999389648438
19.889999389648438
19.889999389648438
19.889999389648438
19.889999389648438
19.889999389648438
19.889999389648438
19.889999389648438
19.889999389648438
19.889999389648438
19.889999389648438
19.889999389648438
19.889999389648438
19.889999389648438
19.889999389648438
